Neural LSH
Query: 0
Nearest neighbor-0: [38, 43, 115, 148, 145, 40, 55, 61, 125, 101, 6, 37, 104, 196, 150, 241, 0, 161, 95, 127, 16, 98, 42, 238, 89, 72, 199, 90, 164, 183, 144, 96, 217, 43, 108, 64, 95, 153, 73, 46, 77, 18, 128, 112, 12, 23, 154, 185, 94, 136, 192, 127, 166, 203, 111, 250, 108, 224, 246, 128, 222, 8, 130, 88, 91, 229, 14, 116, 185, 42, 162, 1, 36, 235, 33, 114, 54, 43, 93, 116, 107, 93, 237, 154, 161, 155, 37, 221, 28, 140, 173, 134, 130, 236, 186, 229, 167, 155, 255, 213, 187, 62, 193, 57, 96, 249, 164, 217, 69, 165, 227, 117, 98, 162, 120, 71, 5, 97, 93, 190, 136, 182, 4, 82, 234, 107, 47, 245]
distanceApproximate: 1056.3342274110028
distanceTrue: 1056.3342274110028

Nearest neighbor-1: [37, 177, 218, 107, 83, 139, 124, 110, 157, 188, 53, 38, 237, 47, 166, 216, 112, 89, 76, 246, 252, 193, 251, 59, 163, 6, 67, 229, 147, 107, 57, 20, 216, 88, 221, 231, 27, 159, 245, 100, 105, 168, 227, 44, 160, 83, 65, 121, 127, 189, 118, 175, 142, 115, 35, 197, 182, 197, 131, 25, 196, 199, 181, 114, 180, 90, 12, 145, 92, 164, 79, 113, 243, 43, 251, 74, 109, 23, 156, 236, 41, 15, 200, 78, 5, 230, 5, 72, 180, 124, 175, 225, 139, 225, 36, 212, 8, 166, 213, 22, 42, 32, 231, 89, 50, 56, 242, 164, 100, 42, 4, 218, 33, 19, 48, 131, 254, 255, 237, 168, 189, 156, 110, 54, 159, 105, 102, 142]
distanceApproximate: 1072.1874836053628
distanceTrue: 1072.1874836053628

Nearest neighbor-2: [148, 85, 228, 163, 137, 156, 50, 145, 214, 18, 13, 61, 155, 149, 136, 214, 83, 50, 175, 141, 164, 57, 63, 170, 134, 197, 216, 146, 187, 194, 123, 1, 134, 59, 140, 134, 132, 138, 215, 62, 253, 170, 245, 143, 234, 232, 182, 150, 58, 68, 153, 49, 137, 204, 200, 218, 12, 4, 94, 36, 34, 211, 151, 58, 216, 100, 4, 196, 123, 105, 224, 19, 246, 7, 192, 45, 143, 29, 220, 43, 227, 220, 50, 4, 116, 124, 64, 111, 78, 101, 166, 39, 37, 245, 73, 43, 160, 220, 252, 66, 48, 20, 192, 97, 48, 107, 160, 17, 12, 118, 217, 115, 154, 107, 162, 6, 115, 54, 127, 116, 11, 149, 116, 146, 115, 220, 219, 23]
distanceApproximate: 1110.4922332011151
distanceTrue: 1078.663524923319

Nearest neighbor-3: [160, 191, 240, 138, 11, 186, 36, 86, 79, 245, 31, 35, 124, 62, 60, 135, 218, 76, 220, 160, 87, 125, 9, 241, 140, 190, 170, 19, 120, 184, 129, 96, 201, 248, 145, 13, 17, 150, 121, 207, 171, 232, 71, 70, 98, 101, 56, 233, 222, 17, 203, 24, 168, 16, 0, 244, 187, 62, 247, 116, 137, 45, 240, 88, 147, 45, 148, 239, 95, 85, 52, 236, 76, 224, 254, 249, 251, 34, 178, 205, 116, 158, 85, 77, 245, 93, 148, 126, 20, 31, 237, 13, 31, 204, 160, 96, 105, 51, 174, 85, 105, 62, 90, 33, 230, 105, 152, 12, 183, 67, 231, 35, 88, 239, 161, 124, 205, 235, 30, 142, 169, 80, 160, 226, 81, 163, 151, 86]
distanceApproximate: 1143.6704070666513
distanceTrue: 1087.7826069578425

Nearest neighbor-4: [31, 174, 106, 209, 58, 153, 158, 68, 8, 10, 170, 154, 72, 124, 34, 116, 45, 202, 144, 21, 34, 58, 178, 113, 5, 211, 92, 81, 247, 24, 49, 165, 169, 96, 77, 101, 145, 3, 29, 198, 253, 237, 230, 110, 156, 197, 110, 193, 239, 116, 148, 123, 144, 4, 117, 184, 53, 54, 225, 136, 72, 222, 217, 240, 187, 1, 162, 139, 193, 78, 40, 144, 173, 111, 204, 202, 15, 236, 217, 64, 170, 120, 117, 243, 45, 238, 104, 68, 46, 135, 166, 178, 4, 117, 168, 87, 15, 38, 144, 30, 156, 108, 134, 180, 209, 215, 155, 96, 246, 188, 229, 181, 137, 92, 82, 103, 185, 223, 122, 174, 212, 32, 117, 17, 182, 74, 20, 21]
distanceApproximate: 1160.7178813131122
distanceTrue: 1095.5697148059544

R-near neighbors:
[38, 43, 115, 148, 145, 40, 55, 61, 125, 101, 6, 37, 104, 196, 150, 241, 0, 161, 95, 127, 16, 98, 42, 238, 89, 72, 199, 90, 164, 183, 144, 96, 217, 43, 108, 64, 95, 153, 73, 46, 77, 18, 128, 112, 12, 23, 154, 185, 94, 136, 192, 127, 166, 203, 111, 250, 108, 224, 246, 128, 222, 8, 130, 88, 91, 229, 14, 116, 185, 42, 162, 1, 36, 235, 33, 114, 54, 43, 93, 116, 107, 93, 237, 154, 161, 155, 37, 221, 28, 140, 173, 134, 130, 236, 186, 229, 167, 155, 255, 213, 187, 62, 193, 57, 96, 249, 164, 217, 69, 165, 227, 117, 98, 162, 120, 71, 5, 97, 93, 190, 136, 182, 4, 82, 234, 107, 47, 245][37, 177, 218, 107, 83, 139, 124, 110, 157, 188, 53, 38, 237, 47, 166, 216, 112, 89, 76, 246, 252, 193, 251, 59, 163, 6, 67, 229, 147, 107, 57, 20, 216, 88, 221, 231, 27, 159, 245, 100, 105, 168, 227, 44, 160, 83, 65, 121, 127, 189, 118, 175, 142, 115, 35, 197, 182, 197, 131, 25, 196, 199, 181, 114, 180, 90, 12, 145, 92, 164, 79, 113, 243, 43, 251, 74, 109, 23, 156, 236, 41, 15, 200, 78, 5, 230, 5, 72, 180, 124, 175, 225, 139, 225, 36, 212, 8, 166, 213, 22, 42, 32, 231, 89, 50, 56, 242, 164, 100, 42, 4, 218, 33, 19, 48, 131, 254, 255, 237, 168, 189, 156, 110, 54, 159, 105, 102, 142][148, 85, 228, 163, 137, 156, 50, 145, 214, 18, 13, 61, 155, 149, 136, 214, 83, 50, 175, 141, 164, 57, 63, 170, 134, 197, 216, 146, 187, 194, 123, 1, 134, 59, 140, 134, 132, 138, 215, 62, 253, 170, 245, 143, 234, 232, 182, 150, 58, 68, 153, 49, 137, 204, 200, 218, 12, 4, 94, 36, 34, 211, 151, 58, 216, 100, 4, 196, 123, 105, 224, 19, 246, 7, 192, 45, 143, 29, 220, 43, 227, 220, 50, 4, 116, 124, 64, 111, 78, 101, 166, 39, 37, 245, 73, 43, 160, 220, 252, 66, 48, 20, 192, 97, 48, 107, 160, 17, 12, 118, 217, 115, 154, 107, 162, 6, 115, 54, 127, 116, 11, 149, 116, 146, 115, 220, 219, 23][160, 191, 240, 138, 11, 186, 36, 86, 79, 245, 31, 35, 124, 62, 60, 135, 218, 76, 220, 160, 87, 125, 9, 241, 140, 190, 170, 19, 120, 184, 129, 96, 201, 248, 145, 13, 17, 150, 121, 207, 171, 232, 71, 70, 98, 101, 56, 233, 222, 17, 203, 24, 168, 16, 0, 244, 187, 62, 247, 116, 137, 45, 240, 88, 147, 45, 148, 239, 95, 85, 52, 236, 76, 224, 254, 249, 251, 34, 178, 205, 116, 158, 85, 77, 245, 93, 148, 126, 20, 31, 237, 13, 31, 204, 160, 96, 105, 51, 174, 85, 105, 62, 90, 33, 230, 105, 152, 12, 183, 67, 231, 35, 88, 239, 161, 124, 205, 235, 30, 142, 169, 80, 160, 226, 81, 163, 151, 86][31, 174, 106, 209, 58, 153, 158, 68, 8, 10, 170, 154, 72, 124, 34, 116, 45, 202, 144, 21, 34, 58, 178, 113, 5, 211, 92, 81, 247, 24, 49, 165, 169, 96, 77, 101, 145, 3, 29, 198, 253, 237, 230, 110, 156, 197, 110, 193, 239, 116, 148, 123, 144, 4, 117, 184, 53, 54, 225, 136, 72, 222, 217, 240, 187, 1, 162, 139, 193, 78, 40, 144, 173, 111, 204, 202, 15, 236, 217, 64, 170, 120, 117, 243, 45, 238, 104, 68, 46, 135, 166, 178, 4, 117, 168, 87, 15, 38, 144, 30, 156, 108, 134, 180, 209, 215, 155, 96, 246, 188, 229, 181, 137, 92, 82, 103, 185, 223, 122, 174, 212, 32, 117, 17, 182, 74, 20, 21]Query: 1
Nearest neighbor-0: [216, 22, 202, 228, 198, 170, 215, 222, 1, 66, 189, 200, 110, 238, 251, 214, 97, 68, 99, 236, 178, 140, 128, 35, 135, 191, 242, 13, 145, 156, 162, 37, 13, 132, 17, 245, 67, 119, 64, 251, 112, 156, 88, 97, 247, 106, 218, 108, 91, 154, 21, 16, 166, 113, 200, 39, 161, 11, 74, 112, 86, 3, 119, 159, 224, 19, 32, 198, 49, 91, 35, 83, 215, 150, 202, 186, 196, 148, 59, 84, 180, 242, 85, 44, 232, 37, 76, 136, 203, 167, 106, 177, 169, 33, 145, 212, 245, 144, 182, 45, 108, 232, 39, 253, 127, 101, 105, 206, 147, 166, 120, 238, 62, 32, 11, 54, 70, 78, 106, 213, 165, 213, 132, 185, 178, 34, 120, 31]
distanceApproximate: 1136.7281997029897
distanceTrue: 1091.938185063605

Nearest neighbor-1: [33, 2, 107, 255, 84, 4, 56, 214, 151, 130, 93, 40, 123, 181, 210, 79, 35, 205, 202, 5, 68, 247, 172, 89, 105, 152, 120, 89, 2, 78, 186, 49, 167, 218, 38, 58, 55, 234, 245, 121, 164, 6, 187, 243, 240, 213, 241, 105, 42, 90, 65, 131, 207, 25, 178, 174, 201, 214, 129, 245, 128, 230, 8, 248, 121, 53, 227, 101, 99, 9, 143, 195, 231, 151, 80, 139, 57, 141, 30, 83, 89, 59, 165, 231, 134, 212, 228, 17, 246, 181, 116, 249, 64, 106, 37, 126, 240, 205, 44, 37, 156, 113, 217, 215, 148, 226, 29, 228, 135, 19, 188, 31, 125, 249, 230, 211, 118, 113, 149, 129, 172, 135, 22, 82, 221, 109, 124, 65]
distanceApproximate: 1171.745706200795
distanceTrue: 1094.6935644279636

Nearest neighbor-2: [138, 237, 16, 221, 4, 51, 147, 40, 81, 109, 184, 75, 212, 92, 159, 63, 16, 13, 245, 144, 48, 197, 145, 237, 235, 58, 70, 34, 56, 15, 164, 240, 101, 5, 107, 168, 24, 143, 121, 49, 125, 64, 191, 96, 93, 220, 245, 100, 91, 130, 211, 72, 136, 212, 213, 40, 97, 131, 12, 43, 244, 175, 62, 89, 254, 196, 3, 158, 80, 204, 154, 186, 16, 215, 161, 245, 218, 198, 218, 191, 70, 223, 59, 177, 52, 65, 111, 88, 103, 105, 11, 129, 196, 214, 36, 0, 193, 189, 24, 72, 162, 218, 232, 131, 208, 22, 140, 211, 170, 91, 186, 209, 14, 36, 208, 196, 24, 34, 20, 109, 44, 71, 200, 179, 165, 18, 210, 160]
distanceApproximate: 1185.9776557760267
distanceTrue: 1106.5157025546453

Nearest neighbor-3: [50, 202, 154, 50, 232, 105, 225, 234, 201, 54, 26, 239, 85, 116, 117, 141, 153, 17, 180, 141, 154, 71, 96, 74, 27, 154, 254, 142, 91, 252, 127, 224, 104, 127, 52, 205, 254, 231, 15, 180, 223, 169, 124, 229, 14, 150, 187, 168, 16, 145, 65, 50, 50, 159, 243, 126, 35, 31, 140, 95, 42, 25, 204, 217, 49, 148, 243, 3, 6, 123, 59, 13, 25, 53, 44, 17, 245, 212, 239, 34, 254, 234, 153, 26, 143, 178, 121, 254, 105, 92, 6, 165, 82, 144, 159, 10, 210, 249, 30, 14, 155, 138, 12, 252, 179, 222, 211, 57, 219, 30, 130, 102, 67, 24, 223, 82, 32, 140, 210, 64, 92, 44, 81, 167, 195, 63, 20, 174]
distanceApproximate: 1193.899074461489
distanceTrue: 1112.5452799774039

Nearest neighbor-4: [160, 191, 240, 138, 11, 186, 36, 86, 79, 245, 31, 35, 124, 62, 60, 135, 218, 76, 220, 160, 87, 125, 9, 241, 140, 190, 170, 19, 120, 184, 129, 96, 201, 248, 145, 13, 17, 150, 121, 207, 171, 232, 71, 70, 98, 101, 56, 233, 222, 17, 203, 24, 168, 16, 0, 244, 187, 62, 247, 116, 137, 45, 240, 88, 147, 45, 148, 239, 95, 85, 52, 236, 76, 224, 254, 249, 251, 34, 178, 205, 116, 158, 85, 77, 245, 93, 148, 126, 20, 31, 237, 13, 31, 204, 160, 96, 105, 51, 174, 85, 105, 62, 90, 33, 230, 105, 152, 12, 183, 67, 231, 35, 88, 239, 161, 124, 205, 235, 30, 142, 169, 80, 160, 226, 81, 163, 151, 86]
distanceApproximate: 1202.3185933852974
distanceTrue: 1125.6358203255616

R-near neighbors:
[216, 22, 202, 228, 198, 170, 215, 222, 1, 66, 189, 200, 110, 238, 251, 214, 97, 68, 99, 236, 178, 140, 128, 35, 135, 191, 242, 13, 145, 156, 162, 37, 13, 132, 17, 245, 67, 119, 64, 251, 112, 156, 88, 97, 247, 106, 218, 108, 91, 154, 21, 16, 166, 113, 200, 39, 161, 11, 74, 112, 86, 3, 119, 159, 224, 19, 32, 198, 49, 91, 35, 83, 215, 150, 202, 186, 196, 148, 59, 84, 180, 242, 85, 44, 232, 37, 76, 136, 203, 167, 106, 177, 169, 33, 145, 212, 245, 144, 182, 45, 108, 232, 39, 253, 127, 101, 105, 206, 147, 166, 120, 238, 62, 32, 11, 54, 70, 78, 106, 213, 165, 213, 132, 185, 178, 34, 120, 31][33, 2, 107, 255, 84, 4, 56, 214, 151, 130, 93, 40, 123, 181, 210, 79, 35, 205, 202, 5, 68, 247, 172, 89, 105, 152, 120, 89, 2, 78, 186, 49, 167, 218, 38, 58, 55, 234, 245, 121, 164, 6, 187, 243, 240, 213, 241, 105, 42, 90, 65, 131, 207, 25, 178, 174, 201, 214, 129, 245, 128, 230, 8, 248, 121, 53, 227, 101, 99, 9, 143, 195, 231, 151, 80, 139, 57, 141, 30, 83, 89, 59, 165, 231, 134, 212, 228, 17, 246, 181, 116, 249, 64, 106, 37, 126, 240, 205, 44, 37, 156, 113, 217, 215, 148, 226, 29, 228, 135, 19, 188, 31, 125, 249, 230, 211, 118, 113, 149, 129, 172, 135, 22, 82, 221, 109, 124, 65][138, 237, 16, 221, 4, 51, 147, 40, 81, 109, 184, 75, 212, 92, 159, 63, 16, 13, 245, 144, 48, 197, 145, 237, 235, 58, 70, 34, 56, 15, 164, 240, 101, 5, 107, 168, 24, 143, 121, 49, 125, 64, 191, 96, 93, 220, 245, 100, 91, 130, 211, 72, 136, 212, 213, 40, 97, 131, 12, 43, 244, 175, 62, 89, 254, 196, 3, 158, 80, 204, 154, 186, 16, 215, 161, 245, 218, 198, 218, 191, 70, 223, 59, 177, 52, 65, 111, 88, 103, 105, 11, 129, 196, 214, 36, 0, 193, 189, 24, 72, 162, 218, 232, 131, 208, 22, 140, 211, 170, 91, 186, 209, 14, 36, 208, 196, 24, 34, 20, 109, 44, 71, 200, 179, 165, 18, 210, 160][50, 202, 154, 50, 232, 105, 225, 234, 201, 54, 26, 239, 85, 116, 117, 141, 153, 17, 180, 141, 154, 71, 96, 74, 27, 154, 254, 142, 91, 252, 127, 224, 104, 127, 52, 205, 254, 231, 15, 180, 223, 169, 124, 229, 14, 150, 187, 168, 16, 145, 65, 50, 50, 159, 243, 126, 35, 31, 140, 95, 42, 25, 204, 217, 49, 148, 243, 3, 6, 123, 59, 13, 25, 53, 44, 17, 245, 212, 239, 34, 254, 234, 153, 26, 143, 178, 121, 254, 105, 92, 6, 165, 82, 144, 159, 10, 210, 249, 30, 14, 155, 138, 12, 252, 179, 222, 211, 57, 219, 30, 130, 102, 67, 24, 223, 82, 32, 140, 210, 64, 92, 44, 81, 167, 195, 63, 20, 174][160, 191, 240, 138, 11, 186, 36, 86, 79, 245, 31, 35, 124, 62, 60, 135, 218, 76, 220, 160, 87, 125, 9, 241, 140, 190, 170, 19, 120, 184, 129, 96, 201, 248, 145, 13, 17, 150, 121, 207, 171, 232, 71, 70, 98, 101, 56, 233, 222, 17, 203, 24, 168, 16, 0, 244, 187, 62, 247, 116, 137, 45, 240, 88, 147, 45, 148, 239, 95, 85, 52, 236, 76, 224, 254, 249, 251, 34, 178, 205, 116, 158, 85, 77, 245, 93, 148, 126, 20, 31, 237, 13, 31, 204, 160, 96, 105, 51, 174, 85, 105, 62, 90, 33, 230, 105, 152, 12, 183, 67, 231, 35, 88, 239, 161, 124, 205, 235, 30, 142, 169, 80, 160, 226, 81, 163, 151, 86]Query: 2
Nearest neighbor-0: [46, 197, 87, 160, 32, 147, 81, 238, 179, 177, 31, 3, 145, 204, 7, 100, 112, 134, 195, 174, 186, 237, 83, 153, 231, 164, 37, 12, 233, 115, 37, 74, 142, 122, 244, 142, 83, 238, 111, 137, 111, 96, 99, 117, 227, 208, 125, 246, 237, 70, 36, 121, 197, 211, 94, 8, 181, 111, 160, 140, 70, 82, 19, 141, 32, 192, 250, 224, 14, 143, 0, 7, 167, 233, 169, 114, 156, 123, 90, 92, 25, 58, 154, 101, 94, 214, 246, 41, 145, 236, 17, 100, 195, 31, 222, 176, 214, 23, 141, 29, 229, 249, 208, 51, 255, 112, 251, 228, 40, 242, 100, 98, 87, 35, 86, 97, 235, 163, 173, 38, 65, 75, 189, 156, 193, 155, 82, 178]
distanceApproximate: 1050.9581342755762
distanceTrue: 994.4521104608306

Nearest neighbor-1: [235, 14, 140, 123, 244, 126, 103, 234, 14, 124, 103, 162, 29, 155, 154, 185, 206, 104, 204, 45, 89, 139, 83, 231, 199, 45, 69, 187, 78, 255, 253, 168, 189, 98, 114, 23, 76, 38, 221, 228, 95, 183, 167, 22, 83, 231, 231, 33, 35, 93, 179, 78, 194, 80, 182, 129, 14, 215, 77, 184, 184, 38, 253, 54, 13, 191, 231, 203, 209, 222, 126, 63, 170, 202, 102, 79, 121, 198, 196, 82, 0, 14, 154, 247, 114, 29, 62, 233, 80, 180, 133, 144, 197, 68, 112, 129, 63, 92, 232, 236, 60, 252, 180, 167, 160, 234, 227, 185, 78, 194, 196, 177, 33, 111, 186, 215, 154, 132, 5, 142, 48, 164, 14, 207, 121, 197, 213, 77]
distanceApproximate: 1060.9924599166575
distanceTrue: 1050.9581342755762

Nearest neighbor-2: [138, 237, 16, 221, 4, 51, 147, 40, 81, 109, 184, 75, 212, 92, 159, 63, 16, 13, 245, 144, 48, 197, 145, 237, 235, 58, 70, 34, 56, 15, 164, 240, 101, 5, 107, 168, 24, 143, 121, 49, 125, 64, 191, 96, 93, 220, 245, 100, 91, 130, 211, 72, 136, 212, 213, 40, 97, 131, 12, 43, 244, 175, 62, 89, 254, 196, 3, 158, 80, 204, 154, 186, 16, 215, 161, 245, 218, 198, 218, 191, 70, 223, 59, 177, 52, 65, 111, 88, 103, 105, 11, 129, 196, 214, 36, 0, 193, 189, 24, 72, 162, 218, 232, 131, 208, 22, 140, 211, 170, 91, 186, 209, 14, 36, 208, 196, 24, 34, 20, 109, 44, 71, 200, 179, 165, 18, 210, 160]
distanceApproximate: 1077.8293000285341
distanceTrue: 1060.4923384918911

Nearest neighbor-3: [129, 230, 226, 218, 68, 191, 139, 120, 157, 187, 14, 231, 88, 52, 128, 134, 72, 150, 254, 0, 130, 16, 209, 151, 90, 120, 236, 177, 205, 79, 175, 132, 239, 183, 30, 124, 33, 174, 161, 16, 182, 95, 33, 14, 64, 127, 166, 45, 213, 79, 41, 189, 64, 101, 3, 135, 127, 198, 105, 31, 102, 115, 165, 242, 118, 184, 181, 140, 245, 28, 114, 151, 22, 124, 8, 173, 208, 208, 46, 149, 33, 193, 9, 73, 233, 26, 121, 42, 145, 105, 164, 209, 208, 118, 180, 157, 139, 26, 218, 82, 207, 172, 97, 151, 254, 115, 226, 13, 239, 175, 250, 242, 56, 200, 196, 98, 13, 112, 223, 246, 39, 79, 61, 201, 115, 18, 107, 17]
distanceApproximate: 1106.599295138037
distanceTrue: 1060.9924599166575

Nearest neighbor-4: [177, 212, 10, 42, 6, 231, 33, 47, 35, 92, 72, 34, 111, 44, 82, 144, 62, 231, 68, 86, 28, 7, 29, 60, 191, 222, 155, 157, 167, 59, 46, 111, 101, 142, 148, 83, 60, 39, 139, 209, 1, 80, 244, 238, 229, 125, 7, 177, 91, 27, 192, 12, 90, 30, 1, 45, 79, 187, 199, 233, 123, 88, 69, 81, 215, 147, 104, 139, 67, 120, 118, 238, 249, 83, 194, 218, 166, 147, 56, 141, 128, 119, 37, 151, 92, 245, 5, 69, 91, 190, 9, 160, 220, 113, 219, 52, 214, 254, 70, 120, 54, 253, 198, 234, 171, 32, 230, 122, 218, 18, 102, 106, 34, 154, 146, 205, 202, 68, 107, 134, 151, 79, 109, 48, 37, 8, 231, 88]
distanceApproximate: 1118.9472731098638
distanceTrue: 1062.8212455535502

R-near neighbors:
[46, 197, 87, 160, 32, 147, 81, 238, 179, 177, 31, 3, 145, 204, 7, 100, 112, 134, 195, 174, 186, 237, 83, 153, 231, 164, 37, 12, 233, 115, 37, 74, 142, 122, 244, 142, 83, 238, 111, 137, 111, 96, 99, 117, 227, 208, 125, 246, 237, 70, 36, 121, 197, 211, 94, 8, 181, 111, 160, 140, 70, 82, 19, 141, 32, 192, 250, 224, 14, 143, 0, 7, 167, 233, 169, 114, 156, 123, 90, 92, 25, 58, 154, 101, 94, 214, 246, 41, 145, 236, 17, 100, 195, 31, 222, 176, 214, 23, 141, 29, 229, 249, 208, 51, 255, 112, 251, 228, 40, 242, 100, 98, 87, 35, 86, 97, 235, 163, 173, 38, 65, 75, 189, 156, 193, 155, 82, 178][235, 14, 140, 123, 244, 126, 103, 234, 14, 124, 103, 162, 29, 155, 154, 185, 206, 104, 204, 45, 89, 139, 83, 231, 199, 45, 69, 187, 78, 255, 253, 168, 189, 98, 114, 23, 76, 38, 221, 228, 95, 183, 167, 22, 83, 231, 231, 33, 35, 93, 179, 78, 194, 80, 182, 129, 14, 215, 77, 184, 184, 38, 253, 54, 13, 191, 231, 203, 209, 222, 126, 63, 170, 202, 102, 79, 121, 198, 196, 82, 0, 14, 154, 247, 114, 29, 62, 233, 80, 180, 133, 144, 197, 68, 112, 129, 63, 92, 232, 236, 60, 252, 180, 167, 160, 234, 227, 185, 78, 194, 196, 177, 33, 111, 186, 215, 154, 132, 5, 142, 48, 164, 14, 207, 121, 197, 213, 77][138, 237, 16, 221, 4, 51, 147, 40, 81, 109, 184, 75, 212, 92, 159, 63, 16, 13, 245, 144, 48, 197, 145, 237, 235, 58, 70, 34, 56, 15, 164, 240, 101, 5, 107, 168, 24, 143, 121, 49, 125, 64, 191, 96, 93, 220, 245, 100, 91, 130, 211, 72, 136, 212, 213, 40, 97, 131, 12, 43, 244, 175, 62, 89, 254, 196, 3, 158, 80, 204, 154, 186, 16, 215, 161, 245, 218, 198, 218, 191, 70, 223, 59, 177, 52, 65, 111, 88, 103, 105, 11, 129, 196, 214, 36, 0, 193, 189, 24, 72, 162, 218, 232, 131, 208, 22, 140, 211, 170, 91, 186, 209, 14, 36, 208, 196, 24, 34, 20, 109, 44, 71, 200, 179, 165, 18, 210, 160][129, 230, 226, 218, 68, 191, 139, 120, 157, 187, 14, 231, 88, 52, 128, 134, 72, 150, 254, 0, 130, 16, 209, 151, 90, 120, 236, 177, 205, 79, 175, 132, 239, 183, 30, 124, 33, 174, 161, 16, 182, 95, 33, 14, 64, 127, 166, 45, 213, 79, 41, 189, 64, 101, 3, 135, 127, 198, 105, 31, 102, 115, 165, 242, 118, 184, 181, 140, 245, 28, 114, 151, 22, 124, 8, 173, 208, 208, 46, 149, 33, 193, 9, 73, 233, 26, 121, 42, 145, 105, 164, 209, 208, 118, 180, 157, 139, 26, 218, 82, 207, 172, 97, 151, 254, 115, 226, 13, 239, 175, 250, 242, 56, 200, 196, 98, 13, 112, 223, 246, 39, 79, 61, 201, 115, 18, 107, 17][177, 212, 10, 42, 6, 231, 33, 47, 35, 92, 72, 34, 111, 44, 82, 144, 62, 231, 68, 86, 28, 7, 29, 60, 191, 222, 155, 157, 167, 59, 46, 111, 101, 142, 148, 83, 60, 39, 139, 209, 1, 80, 244, 238, 229, 125, 7, 177, 91, 27, 192, 12, 90, 30, 1, 45, 79, 187, 199, 233, 123, 88, 69, 81, 215, 147, 104, 139, 67, 120, 118, 238, 249, 83, 194, 218, 166, 147, 56, 141, 128, 119, 37, 151, 92, 245, 5, 69, 91, 190, 9, 160, 220, 113, 219, 52, 214, 254, 70, 120, 54, 253, 198, 234, 171, 32, 230, 122, 218, 18, 102, 106, 34, 154, 146, 205, 202, 68, 107, 134, 151, 79, 109, 48, 37, 8, 231, 88]Query: 3
Nearest neighbor-0: [58, 148, 6, 27, 39, 167, 218, 121, 205, 223, 114, 156, 60, 219, 103, 232, 108, 207, 29, 115, 174, 102, 217, 72, 77, 98, 172, 37, 161, 248, 88, 128, 212, 9, 91, 190, 78, 42, 60, 199, 201, 217, 242, 30, 14, 100, 103, 248, 227, 24, 67, 171, 6, 189, 60, 114, 199, 165, 229, 235, 105, 137, 138, 172, 38, 136, 248, 61, 56, 0, 11, 163, 156, 102, 228, 228, 177, 145, 60, 88, 16, 28, 87, 164, 240, 236, 200, 172, 27, 129, 9, 53, 5, 35, 79, 142, 3, 72, 153, 216, 158, 131, 172, 129, 26, 116, 175, 159, 51, 19, 113, 112, 234, 214, 131, 69, 145, 27, 179, 69, 15, 148, 70, 209, 153, 190, 125, 53]
distanceApproximate: 1069.17585083091
distanceTrue: 1069.17585083091

Nearest neighbor-1: [39, 172, 111, 159, 20, 240, 226, 173, 180, 86, 198, 133, 60, 24, 228, 157, 143, 17, 163, 46, 6, 58, 173, 109, 117, 121, 59, 162, 70, 121, 125, 76, 102, 253, 159, 74, 134, 255, 51, 234, 134, 31, 69, 40, 72, 101, 119, 72, 210, 45, 149, 177, 85, 20, 16, 155, 96, 127, 53, 195, 65, 213, 61, 155, 228, 129, 211, 87, 154, 77, 67, 143, 100, 161, 233, 209, 143, 43, 210, 192, 245, 241, 240, 189, 69, 4, 24, 72, 89, 16, 99, 47, 87, 175, 225, 141, 3, 21, 0, 94, 131, 132, 43, 77, 133, 97, 233, 231, 108, 109, 228, 48, 125, 238, 91, 114, 121, 20, 146, 172, 42, 118, 248, 91, 72, 153, 114, 203]
distanceApproximate: 1107.3477321961698
distanceTrue: 1086.2665418763481

Nearest neighbor-2: [14, 89, 253, 31, 63, 238, 70, 91, 82, 158, 155, 8, 248, 114, 195, 244, 122, 234, 21, 93, 24, 98, 170, 76, 231, 28, 149, 42, 212, 16, 24, 7, 12, 200, 18, 126, 90, 166, 235, 41, 199, 65, 122, 96, 212, 134, 174, 68, 88, 105, 69, 166, 112, 0, 111, 115, 188, 204, 91, 22, 117, 233, 152, 0, 218, 49, 230, 238, 143, 19, 56, 151, 218, 5, 102, 154, 78, 150, 238, 90, 158, 106, 149, 95, 80, 198, 6, 41, 54, 234, 176, 146, 188, 111, 163, 81, 60, 139, 88, 189, 132, 98, 67, 252, 107, 164, 147, 64, 127, 195, 219, 109, 120, 52, 195, 154, 93, 14, 44, 84, 13, 214, 142, 59, 226, 92, 22, 115]
distanceApproximate: 1113.3988503676478
distanceTrue: 1107.3477321961698

Nearest neighbor-3: [33, 2, 107, 255, 84, 4, 56, 214, 151, 130, 93, 40, 123, 181, 210, 79, 35, 205, 202, 5, 68, 247, 172, 89, 105, 152, 120, 89, 2, 78, 186, 49, 167, 218, 38, 58, 55, 234, 245, 121, 164, 6, 187, 243, 240, 213, 241, 105, 42, 90, 65, 131, 207, 25, 178, 174, 201, 214, 129, 245, 128, 230, 8, 248, 121, 53, 227, 101, 99, 9, 143, 195, 231, 151, 80, 139, 57, 141, 30, 83, 89, 59, 165, 231, 134, 212, 228, 17, 246, 181, 116, 249, 64, 106, 37, 126, 240, 205, 44, 37, 156, 113, 217, 215, 148, 226, 29, 228, 135, 19, 188, 31, 125, 249, 230, 211, 118, 113, 149, 129, 172, 135, 22, 82, 221, 109, 124, 65]
distanceApproximate: 1137.514835068097
distanceTrue: 1113.3988503676478

Nearest neighbor-4: [1, 22, 243, 137, 105, 157, 144, 89, 61, 221, 55, 91, 88, 8, 29, 100, 21, 127, 76, 94, 80, 39, 240, 223, 90, 75, 220, 9, 81, 32, 60, 112, 251, 251, 215, 80, 127, 32, 152, 78, 145, 107, 224, 41, 26, 111, 209, 114, 143, 77, 102, 72, 147, 143, 101, 193, 91, 9, 47, 119, 114, 216, 191, 130, 144, 17, 170, 134, 146, 61, 251, 179, 248, 190, 106, 80, 44, 8, 34, 209, 175, 243, 152, 149, 53, 120, 0, 192, 213, 168, 45, 215, 65, 192, 68, 0, 56, 64, 33, 27, 17, 3, 209, 205, 106, 26, 81, 8, 43, 247, 14, 5, 194, 247, 224, 98, 88, 96, 177, 248, 109, 151, 138, 223, 99, 214, 90, 136]
distanceApproximate: 1141.6803405507164
distanceTrue: 1114.3733665159089

R-near neighbors:
[58, 148, 6, 27, 39, 167, 218, 121, 205, 223, 114, 156, 60, 219, 103, 232, 108, 207, 29, 115, 174, 102, 217, 72, 77, 98, 172, 37, 161, 248, 88, 128, 212, 9, 91, 190, 78, 42, 60, 199, 201, 217, 242, 30, 14, 100, 103, 248, 227, 24, 67, 171, 6, 189, 60, 114, 199, 165, 229, 235, 105, 137, 138, 172, 38, 136, 248, 61, 56, 0, 11, 163, 156, 102, 228, 228, 177, 145, 60, 88, 16, 28, 87, 164, 240, 236, 200, 172, 27, 129, 9, 53, 5, 35, 79, 142, 3, 72, 153, 216, 158, 131, 172, 129, 26, 116, 175, 159, 51, 19, 113, 112, 234, 214, 131, 69, 145, 27, 179, 69, 15, 148, 70, 209, 153, 190, 125, 53][39, 172, 111, 159, 20, 240, 226, 173, 180, 86, 198, 133, 60, 24, 228, 157, 143, 17, 163, 46, 6, 58, 173, 109, 117, 121, 59, 162, 70, 121, 125, 76, 102, 253, 159, 74, 134, 255, 51, 234, 134, 31, 69, 40, 72, 101, 119, 72, 210, 45, 149, 177, 85, 20, 16, 155, 96, 127, 53, 195, 65, 213, 61, 155, 228, 129, 211, 87, 154, 77, 67, 143, 100, 161, 233, 209, 143, 43, 210, 192, 245, 241, 240, 189, 69, 4, 24, 72, 89, 16, 99, 47, 87, 175, 225, 141, 3, 21, 0, 94, 131, 132, 43, 77, 133, 97, 233, 231, 108, 109, 228, 48, 125, 238, 91, 114, 121, 20, 146, 172, 42, 118, 248, 91, 72, 153, 114, 203][14, 89, 253, 31, 63, 238, 70, 91, 82, 158, 155, 8, 248, 114, 195, 244, 122, 234, 21, 93, 24, 98, 170, 76, 231, 28, 149, 42, 212, 16, 24, 7, 12, 200, 18, 126, 90, 166, 235, 41, 199, 65, 122, 96, 212, 134, 174, 68, 88, 105, 69, 166, 112, 0, 111, 115, 188, 204, 91, 22, 117, 233, 152, 0, 218, 49, 230, 238, 143, 19, 56, 151, 218, 5, 102, 154, 78, 150, 238, 90, 158, 106, 149, 95, 80, 198, 6, 41, 54, 234, 176, 146, 188, 111, 163, 81, 60, 139, 88, 189, 132, 98, 67, 252, 107, 164, 147, 64, 127, 195, 219, 109, 120, 52, 195, 154, 93, 14, 44, 84, 13, 214, 142, 59, 226, 92, 22, 115][33, 2, 107, 255, 84, 4, 56, 214, 151, 130, 93, 40, 123, 181, 210, 79, 35, 205, 202, 5, 68, 247, 172, 89, 105, 152, 120, 89, 2, 78, 186, 49, 167, 218, 38, 58, 55, 234, 245, 121, 164, 6, 187, 243, 240, 213, 241, 105, 42, 90, 65, 131, 207, 25, 178, 174, 201, 214, 129, 245, 128, 230, 8, 248, 121, 53, 227, 101, 99, 9, 143, 195, 231, 151, 80, 139, 57, 141, 30, 83, 89, 59, 165, 231, 134, 212, 228, 17, 246, 181, 116, 249, 64, 106, 37, 126, 240, 205, 44, 37, 156, 113, 217, 215, 148, 226, 29, 228, 135, 19, 188, 31, 125, 249, 230, 211, 118, 113, 149, 129, 172, 135, 22, 82, 221, 109, 124, 65][1, 22, 243, 137, 105, 157, 144, 89, 61, 221, 55, 91, 88, 8, 29, 100, 21, 127, 76, 94, 80, 39, 240, 223, 90, 75, 220, 9, 81, 32, 60, 112, 251, 251, 215, 80, 127, 32, 152, 78, 145, 107, 224, 41, 26, 111, 209, 114, 143, 77, 102, 72, 147, 143, 101, 193, 91, 9, 47, 119, 114, 216, 191, 130, 144, 17, 170, 134, 146, 61, 251, 179, 248, 190, 106, 80, 44, 8, 34, 209, 175, 243, 152, 149, 53, 120, 0, 192, 213, 168, 45, 215, 65, 192, 68, 0, 56, 64, 33, 27, 17, 3, 209, 205, 106, 26, 81, 8, 43, 247, 14, 5, 194, 247, 224, 98, 88, 96, 177, 248, 109, 151, 138, 223, 99, 214, 90, 136]Query: 4
Nearest neighbor-0: [138, 237, 16, 221, 4, 51, 147, 40, 81, 109, 184, 75, 212, 92, 159, 63, 16, 13, 245, 144, 48, 197, 145, 237, 235, 58, 70, 34, 56, 15, 164, 240, 101, 5, 107, 168, 24, 143, 121, 49, 125, 64, 191, 96, 93, 220, 245, 100, 91, 130, 211, 72, 136, 212, 213, 40, 97, 131, 12, 43, 244, 175, 62, 89, 254, 196, 3, 158, 80, 204, 154, 186, 16, 215, 161, 245, 218, 198, 218, 191, 70, 223, 59, 177, 52, 65, 111, 88, 103, 105, 11, 129, 196, 214, 36, 0, 193, 189, 24, 72, 162, 218, 232, 131, 208, 22, 140, 211, 170, 91, 186, 209, 14, 36, 208, 196, 24, 34, 20, 109, 44, 71, 200, 179, 165, 18, 210, 160]
distanceApproximate: 1067.5869987968194
distanceTrue: 1067.5869987968194

Nearest neighbor-1: [38, 43, 115, 148, 145, 40, 55, 61, 125, 101, 6, 37, 104, 196, 150, 241, 0, 161, 95, 127, 16, 98, 42, 238, 89, 72, 199, 90, 164, 183, 144, 96, 217, 43, 108, 64, 95, 153, 73, 46, 77, 18, 128, 112, 12, 23, 154, 185, 94, 136, 192, 127, 166, 203, 111, 250, 108, 224, 246, 128, 222, 8, 130, 88, 91, 229, 14, 116, 185, 42, 162, 1, 36, 235, 33, 114, 54, 43, 93, 116, 107, 93, 237, 154, 161, 155, 37, 221, 28, 140, 173, 134, 130, 236, 186, 229, 167, 155, 255, 213, 187, 62, 193, 57, 96, 249, 164, 217, 69, 165, 227, 117, 98, 162, 120, 71, 5, 97, 93, 190, 136, 182, 4, 82, 234, 107, 47, 245]
distanceApproximate: 1092.521395671499
distanceTrue: 1076.8458571216217

Nearest neighbor-2: [34, 87, 47, 243, 244, 114, 59, 27, 228, 106, 136, 65, 83, 222, 240, 86, 138, 208, 60, 58, 39, 1, 128, 7, 239, 52, 210, 89, 241, 99, 18, 165, 213, 138, 164, 221, 194, 44, 35, 244, 47, 2, 210, 68, 228, 198, 117, 208, 108, 146, 82, 4, 52, 49, 97, 241, 2, 59, 218, 38, 114, 228, 152, 108, 152, 55, 44, 46, 102, 243, 86, 48, 219, 176, 142, 48, 42, 115, 1, 228, 145, 53, 154, 190, 173, 35, 190, 233, 37, 218, 99, 177, 167, 236, 178, 87, 119, 116, 121, 75, 184, 108, 226, 250, 167, 90, 109, 174, 165, 4, 12, 151, 6, 52, 111, 100, 219, 201, 212, 197, 123, 134, 5, 165, 126, 21, 149, 100]
distanceApproximate: 1123.8429605598817
distanceTrue: 1083.2091210841977

Nearest neighbor-3: [177, 212, 10, 42, 6, 231, 33, 47, 35, 92, 72, 34, 111, 44, 82, 144, 62, 231, 68, 86, 28, 7, 29, 60, 191, 222, 155, 157, 167, 59, 46, 111, 101, 142, 148, 83, 60, 39, 139, 209, 1, 80, 244, 238, 229, 125, 7, 177, 91, 27, 192, 12, 90, 30, 1, 45, 79, 187, 199, 233, 123, 88, 69, 81, 215, 147, 104, 139, 67, 120, 118, 238, 249, 83, 194, 218, 166, 147, 56, 141, 128, 119, 37, 151, 92, 245, 5, 69, 91, 190, 9, 160, 220, 113, 219, 52, 214, 254, 70, 120, 54, 253, 198, 234, 171, 32, 230, 122, 218, 18, 102, 106, 34, 154, 146, 205, 202, 68, 107, 134, 151, 79, 109, 48, 37, 8, 231, 88]
distanceApproximate: 1124.9128855160297
distanceTrue: 1092.521395671499

Nearest neighbor-4: [29, 239, 59, 101, 139, 43, 208, 194, 251, 92, 40, 11, 11, 240, 31, 242, 94, 56, 115, 126, 22, 50, 116, 103, 181, 195, 110, 48, 208, 201, 139, 229, 39, 53, 118, 29, 137, 253, 22, 183, 178, 217, 199, 154, 82, 106, 161, 154, 14, 12, 128, 172, 197, 254, 126, 26, 152, 223, 218, 28, 89, 33, 159, 23, 170, 134, 189, 22, 68, 0, 194, 250, 197, 73, 53, 97, 141, 67, 72, 230, 140, 204, 102, 186, 242, 230, 203, 53, 8, 190, 27, 99, 40, 241, 114, 147, 169, 241, 66, 143, 171, 109, 229, 155, 210, 199, 219, 62, 227, 94, 69, 28, 68, 176, 92, 188, 20, 174, 132, 104, 92, 253, 22, 174, 179, 97, 240, 48]
distanceApproximate: 1126.0368555247203
distanceTrue: 1093.5606979038703

R-near neighbors:
[138, 237, 16, 221, 4, 51, 147, 40, 81, 109, 184, 75, 212, 92, 159, 63, 16, 13, 245, 144, 48, 197, 145, 237, 235, 58, 70, 34, 56, 15, 164, 240, 101, 5, 107, 168, 24, 143, 121, 49, 125, 64, 191, 96, 93, 220, 245, 100, 91, 130, 211, 72, 136, 212, 213, 40, 97, 131, 12, 43, 244, 175, 62, 89, 254, 196, 3, 158, 80, 204, 154, 186, 16, 215, 161, 245, 218, 198, 218, 191, 70, 223, 59, 177, 52, 65, 111, 88, 103, 105, 11, 129, 196, 214, 36, 0, 193, 189, 24, 72, 162, 218, 232, 131, 208, 22, 140, 211, 170, 91, 186, 209, 14, 36, 208, 196, 24, 34, 20, 109, 44, 71, 200, 179, 165, 18, 210, 160][38, 43, 115, 148, 145, 40, 55, 61, 125, 101, 6, 37, 104, 196, 150, 241, 0, 161, 95, 127, 16, 98, 42, 238, 89, 72, 199, 90, 164, 183, 144, 96, 217, 43, 108, 64, 95, 153, 73, 46, 77, 18, 128, 112, 12, 23, 154, 185, 94, 136, 192, 127, 166, 203, 111, 250, 108, 224, 246, 128, 222, 8, 130, 88, 91, 229, 14, 116, 185, 42, 162, 1, 36, 235, 33, 114, 54, 43, 93, 116, 107, 93, 237, 154, 161, 155, 37, 221, 28, 140, 173, 134, 130, 236, 186, 229, 167, 155, 255, 213, 187, 62, 193, 57, 96, 249, 164, 217, 69, 165, 227, 117, 98, 162, 120, 71, 5, 97, 93, 190, 136, 182, 4, 82, 234, 107, 47, 245][34, 87, 47, 243, 244, 114, 59, 27, 228, 106, 136, 65, 83, 222, 240, 86, 138, 208, 60, 58, 39, 1, 128, 7, 239, 52, 210, 89, 241, 99, 18, 165, 213, 138, 164, 221, 194, 44, 35, 244, 47, 2, 210, 68, 228, 198, 117, 208, 108, 146, 82, 4, 52, 49, 97, 241, 2, 59, 218, 38, 114, 228, 152, 108, 152, 55, 44, 46, 102, 243, 86, 48, 219, 176, 142, 48, 42, 115, 1, 228, 145, 53, 154, 190, 173, 35, 190, 233, 37, 218, 99, 177, 167, 236, 178, 87, 119, 116, 121, 75, 184, 108, 226, 250, 167, 90, 109, 174, 165, 4, 12, 151, 6, 52, 111, 100, 219, 201, 212, 197, 123, 134, 5, 165, 126, 21, 149, 100][177, 212, 10, 42, 6, 231, 33, 47, 35, 92, 72, 34, 111, 44, 82, 144, 62, 231, 68, 86, 28, 7, 29, 60, 191, 222, 155, 157, 167, 59, 46, 111, 101, 142, 148, 83, 60, 39, 139, 209, 1, 80, 244, 238, 229, 125, 7, 177, 91, 27, 192, 12, 90, 30, 1, 45, 79, 187, 199, 233, 123, 88, 69, 81, 215, 147, 104, 139, 67, 120, 118, 238, 249, 83, 194, 218, 166, 147, 56, 141, 128, 119, 37, 151, 92, 245, 5, 69, 91, 190, 9, 160, 220, 113, 219, 52, 214, 254, 70, 120, 54, 253, 198, 234, 171, 32, 230, 122, 218, 18, 102, 106, 34, 154, 146, 205, 202, 68, 107, 134, 151, 79, 109, 48, 37, 8, 231, 88][29, 239, 59, 101, 139, 43, 208, 194, 251, 92, 40, 11, 11, 240, 31, 242, 94, 56, 115, 126, 22, 50, 116, 103, 181, 195, 110, 48, 208, 201, 139, 229, 39, 53, 118, 29, 137, 253, 22, 183, 178, 217, 199, 154, 82, 106, 161, 154, 14, 12, 128, 172, 197, 254, 126, 26, 152, 223, 218, 28, 89, 33, 159, 23, 170, 134, 189, 22, 68, 0, 194, 250, 197, 73, 53, 97, 141, 67, 72, 230, 140, 204, 102, 186, 242, 230, 203, 53, 8, 190, 27, 99, 40, 241, 114, 147, 169, 241, 66, 143, 171, 109, 229, 155, 210, 199, 219, 62, 227, 94, 69, 28, 68, 176, 92, 188, 20, 174, 132, 104, 92, 253, 22, 174, 179, 97, 240, 48]Query: 5
Nearest neighbor-0: [103, 90, 68, 183, 79, 214, 222, 33, 42, 55, 145, 241, 133, 53, 13, 150, 168, 144, 24, 60, 3, 96, 216, 66, 61, 177, 135, 172, 221, 221, 207, 189, 151, 114, 168, 229, 227, 135, 80, 47, 174, 229, 14, 177, 115, 186, 145, 122, 251, 36, 72, 109, 183, 2, 133, 214, 151, 180, 144, 75, 206, 21, 189, 144, 63, 132, 229, 143, 253, 86, 222, 26, 249, 101, 156, 82, 184, 88, 190, 237, 189, 144, 252, 46, 220, 37, 75, 118, 201, 89, 109, 230, 31, 169, 160, 114, 225, 179, 21, 179, 105, 183, 226, 172, 131, 140, 74, 123, 178, 66, 247, 178, 105, 23, 116, 188, 158, 160, 53, 29, 59, 10, 128, 91, 232, 3, 219, 130]
distanceApproximate: 1143.9501737400979
distanceTrue: 1097.6657050304523

Nearest neighbor-1: [136, 136, 78, 52, 155, 58, 74, 13, 191, 18, 198, 37, 172, 12, 50, 98, 169, 40, 196, 2, 242, 52, 200, 128, 210, 180, 35, 93, 51, 214, 240, 89, 7, 91, 101, 75, 19, 180, 168, 36, 216, 209, 32, 209, 2, 109, 87, 180, 105, 127, 213, 180, 214, 225, 117, 228, 243, 100, 37, 232, 5, 7, 253, 209, 18, 134, 15, 120, 214, 153, 141, 133, 219, 11, 207, 132, 51, 221, 87, 219, 143, 91, 146, 104, 74, 158, 211, 96, 195, 178, 211, 218, 86, 144, 42, 68, 95, 144, 31, 72, 172, 225, 175, 236, 41, 190, 7, 170, 223, 61, 75, 220, 104, 168, 118, 31, 28, 251, 5, 160, 174, 70, 23, 39, 229, 193, 181, 84]
distanceApproximate: 1196.3640750206434
distanceTrue: 1128.724058395142

Nearest neighbor-2: [166, 25, 18, 125, 239, 169, 113, 227, 45, 142, 231, 13, 30, 47, 187, 197, 33, 58, 28, 77, 200, 105, 179, 8, 68, 78, 147, 99, 134, 45, 145, 239, 121, 104, 126, 184, 93, 223, 6, 175, 28, 243, 168, 81, 81, 176, 81, 203, 160, 210, 55, 57, 86, 129, 253, 43, 228, 227, 3, 78, 127, 181, 7, 157, 191, 34, 106, 98, 14, 170, 95, 30, 139, 109, 148, 205, 157, 171, 4, 88, 232, 84, 68, 169, 127, 103, 94, 130, 64, 184, 233, 3, 80, 231, 81, 28, 70, 94, 120, 70, 42, 135, 158, 240, 220, 79, 231, 170, 206, 45, 62, 164, 55, 77, 4, 114, 130, 224, 168, 99, 123, 32, 190, 28, 25, 244, 204, 253]
distanceApproximate: 1200.8122251209804
distanceTrue: 1137.8308310113591

Nearest neighbor-3: [247, 113, 87, 103, 19, 41, 126, 233, 195, 90, 29, 241, 192, 62, 156, 160, 119, 36, 161, 145, 64, 82, 175, 182, 236, 223, 8, 160, 242, 253, 172, 169, 85, 141, 177, 246, 214, 249, 33, 126, 155, 5, 165, 161, 217, 29, 10, 202, 159, 201, 246, 141, 220, 237, 251, 242, 130, 139, 142, 130, 126, 98, 41, 38, 8, 65, 49, 71, 235, 168, 9, 59, 151, 229, 96, 223, 70, 53, 219, 242, 245, 113, 88, 246, 188, 103, 8, 185, 2, 2, 62, 71, 118, 70, 195, 234, 132, 170, 77, 123, 235, 232, 103, 37, 199, 247, 94, 222, 228, 25, 171, 224, 196, 98, 7, 28, 186, 187, 210, 227, 43, 244, 210, 255, 9, 120, 13, 215]
distanceApproximate: 1220.7595995936301
distanceTrue: 1139.095693960784

Nearest neighbor-4: [226, 118, 149, 56, 196, 27, 133, 55, 250, 4, 70, 152, 104, 167, 29, 112, 173, 150, 3, 137, 138, 201, 55, 140, 55, 174, 4, 37, 45, 99, 236, 165, 207, 198, 189, 102, 150, 86, 84, 179, 227, 248, 226, 12, 106, 206, 231, 177, 182, 110, 27, 13, 172, 25, 27, 255, 155, 27, 139, 48, 96, 125, 56, 116, 7, 218, 76, 131, 190, 116, 138, 68, 215, 120, 157, 85, 84, 24, 217, 147, 156, 240, 170, 72, 70, 27, 232, 165, 145, 215, 91, 245, 180, 149, 127, 144, 94, 34, 51, 15, 178, 221, 218, 236, 21, 199, 76, 71, 7, 132, 144, 83, 173, 64, 3, 72, 231, 150, 200, 180, 31, 140, 34, 160, 249, 108, 56, 39]
distanceApproximate: 1234.0733365566246
distanceTrue: 1140.3157457476416

R-near neighbors:
[103, 90, 68, 183, 79, 214, 222, 33, 42, 55, 145, 241, 133, 53, 13, 150, 168, 144, 24, 60, 3, 96, 216, 66, 61, 177, 135, 172, 221, 221, 207, 189, 151, 114, 168, 229, 227, 135, 80, 47, 174, 229, 14, 177, 115, 186, 145, 122, 251, 36, 72, 109, 183, 2, 133, 214, 151, 180, 144, 75, 206, 21, 189, 144, 63, 132, 229, 143, 253, 86, 222, 26, 249, 101, 156, 82, 184, 88, 190, 237, 189, 144, 252, 46, 220, 37, 75, 118, 201, 89, 109, 230, 31, 169, 160, 114, 225, 179, 21, 179, 105, 183, 226, 172, 131, 140, 74, 123, 178, 66, 247, 178, 105, 23, 116, 188, 158, 160, 53, 29, 59, 10, 128, 91, 232, 3, 219, 130][136, 136, 78, 52, 155, 58, 74, 13, 191, 18, 198, 37, 172, 12, 50, 98, 169, 40, 196, 2, 242, 52, 200, 128, 210, 180, 35, 93, 51, 214, 240, 89, 7, 91, 101, 75, 19, 180, 168, 36, 216, 209, 32, 209, 2, 109, 87, 180, 105, 127, 213, 180, 214, 225, 117, 228, 243, 100, 37, 232, 5, 7, 253, 209, 18, 134, 15, 120, 214, 153, 141, 133, 219, 11, 207, 132, 51, 221, 87, 219, 143, 91, 146, 104, 74, 158, 211, 96, 195, 178, 211, 218, 86, 144, 42, 68, 95, 144, 31, 72, 172, 225, 175, 236, 41, 190, 7, 170, 223, 61, 75, 220, 104, 168, 118, 31, 28, 251, 5, 160, 174, 70, 23, 39, 229, 193, 181, 84][166, 25, 18, 125, 239, 169, 113, 227, 45, 142, 231, 13, 30, 47, 187, 197, 33, 58, 28, 77, 200, 105, 179, 8, 68, 78, 147, 99, 134, 45, 145, 239, 121, 104, 126, 184, 93, 223, 6, 175, 28, 243, 168, 81, 81, 176, 81, 203, 160, 210, 55, 57, 86, 129, 253, 43, 228, 227, 3, 78, 127, 181, 7, 157, 191, 34, 106, 98, 14, 170, 95, 30, 139, 109, 148, 205, 157, 171, 4, 88, 232, 84, 68, 169, 127, 103, 94, 130, 64, 184, 233, 3, 80, 231, 81, 28, 70, 94, 120, 70, 42, 135, 158, 240, 220, 79, 231, 170, 206, 45, 62, 164, 55, 77, 4, 114, 130, 224, 168, 99, 123, 32, 190, 28, 25, 244, 204, 253][247, 113, 87, 103, 19, 41, 126, 233, 195, 90, 29, 241, 192, 62, 156, 160, 119, 36, 161, 145, 64, 82, 175, 182, 236, 223, 8, 160, 242, 253, 172, 169, 85, 141, 177, 246, 214, 249, 33, 126, 155, 5, 165, 161, 217, 29, 10, 202, 159, 201, 246, 141, 220, 237, 251, 242, 130, 139, 142, 130, 126, 98, 41, 38, 8, 65, 49, 71, 235, 168, 9, 59, 151, 229, 96, 223, 70, 53, 219, 242, 245, 113, 88, 246, 188, 103, 8, 185, 2, 2, 62, 71, 118, 70, 195, 234, 132, 170, 77, 123, 235, 232, 103, 37, 199, 247, 94, 222, 228, 25, 171, 224, 196, 98, 7, 28, 186, 187, 210, 227, 43, 244, 210, 255, 9, 120, 13, 215][226, 118, 149, 56, 196, 27, 133, 55, 250, 4, 70, 152, 104, 167, 29, 112, 173, 150, 3, 137, 138, 201, 55, 140, 55, 174, 4, 37, 45, 99, 236, 165, 207, 198, 189, 102, 150, 86, 84, 179, 227, 248, 226, 12, 106, 206, 231, 177, 182, 110, 27, 13, 172, 25, 27, 255, 155, 27, 139, 48, 96, 125, 56, 116, 7, 218, 76, 131, 190, 116, 138, 68, 215, 120, 157, 85, 84, 24, 217, 147, 156, 240, 170, 72, 70, 27, 232, 165, 145, 215, 91, 245, 180, 149, 127, 144, 94, 34, 51, 15, 178, 221, 218, 236, 21, 199, 76, 71, 7, 132, 144, 83, 173, 64, 3, 72, 231, 150, 200, 180, 31, 140, 34, 160, 249, 108, 56, 39]Query: 6
Nearest neighbor-0: [166, 25, 18, 125, 239, 169, 113, 227, 45, 142, 231, 13, 30, 47, 187, 197, 33, 58, 28, 77, 200, 105, 179, 8, 68, 78, 147, 99, 134, 45, 145, 239, 121, 104, 126, 184, 93, 223, 6, 175, 28, 243, 168, 81, 81, 176, 81, 203, 160, 210, 55, 57, 86, 129, 253, 43, 228, 227, 3, 78, 127, 181, 7, 157, 191, 34, 106, 98, 14, 170, 95, 30, 139, 109, 148, 205, 157, 171, 4, 88, 232, 84, 68, 169, 127, 103, 94, 130, 64, 184, 233, 3, 80, 231, 81, 28, 70, 94, 120, 70, 42, 135, 158, 240, 220, 79, 231, 170, 206, 45, 62, 164, 55, 77, 4, 114, 130, 224, 168, 99, 123, 32, 190, 28, 25, 244, 204, 253]
distanceApproximate: 1116.3874775363615
distanceTrue: 1116.3874775363615

Nearest neighbor-1: [177, 212, 10, 42, 6, 231, 33, 47, 35, 92, 72, 34, 111, 44, 82, 144, 62, 231, 68, 86, 28, 7, 29, 60, 191, 222, 155, 157, 167, 59, 46, 111, 101, 142, 148, 83, 60, 39, 139, 209, 1, 80, 244, 238, 229, 125, 7, 177, 91, 27, 192, 12, 90, 30, 1, 45, 79, 187, 199, 233, 123, 88, 69, 81, 215, 147, 104, 139, 67, 120, 118, 238, 249, 83, 194, 218, 166, 147, 56, 141, 128, 119, 37, 151, 92, 245, 5, 69, 91, 190, 9, 160, 220, 113, 219, 52, 214, 254, 70, 120, 54, 253, 198, 234, 171, 32, 230, 122, 218, 18, 102, 106, 34, 154, 146, 205, 202, 68, 107, 134, 151, 79, 109, 48, 37, 8, 231, 88]
distanceApproximate: 1144.1123196609676
distanceTrue: 1138.1072005747087

Nearest neighbor-2: [34, 87, 47, 243, 244, 114, 59, 27, 228, 106, 136, 65, 83, 222, 240, 86, 138, 208, 60, 58, 39, 1, 128, 7, 239, 52, 210, 89, 241, 99, 18, 165, 213, 138, 164, 221, 194, 44, 35, 244, 47, 2, 210, 68, 228, 198, 117, 208, 108, 146, 82, 4, 52, 49, 97, 241, 2, 59, 218, 38, 114, 228, 152, 108, 152, 55, 44, 46, 102, 243, 86, 48, 219, 176, 142, 48, 42, 115, 1, 228, 145, 53, 154, 190, 173, 35, 190, 233, 37, 218, 99, 177, 167, 236, 178, 87, 119, 116, 121, 75, 184, 108, 226, 250, 167, 90, 109, 174, 165, 4, 12, 151, 6, 52, 111, 100, 219, 201, 212, 197, 123, 134, 5, 165, 126, 21, 149, 100]
distanceApproximate: 1155.5704219129184
distanceTrue: 1143.4998906864837

Nearest neighbor-3: [235, 14, 140, 123, 244, 126, 103, 234, 14, 124, 103, 162, 29, 155, 154, 185, 206, 104, 204, 45, 89, 139, 83, 231, 199, 45, 69, 187, 78, 255, 253, 168, 189, 98, 114, 23, 76, 38, 221, 228, 95, 183, 167, 22, 83, 231, 231, 33, 35, 93, 179, 78, 194, 80, 182, 129, 14, 215, 77, 184, 184, 38, 253, 54, 13, 191, 231, 203, 209, 222, 126, 63, 170, 202, 102, 79, 121, 198, 196, 82, 0, 14, 154, 247, 114, 29, 62, 233, 80, 180, 133, 144, 197, 68, 112, 129, 63, 92, 232, 236, 60, 252, 180, 167, 160, 234, 227, 185, 78, 194, 196, 177, 33, 111, 186, 215, 154, 132, 5, 142, 48, 164, 14, 207, 121, 197, 213, 77]
distanceApproximate: 1166.1685126944562
distanceTrue: 1144.1123196609676

Nearest neighbor-4: [138, 237, 16, 221, 4, 51, 147, 40, 81, 109, 184, 75, 212, 92, 159, 63, 16, 13, 245, 144, 48, 197, 145, 237, 235, 58, 70, 34, 56, 15, 164, 240, 101, 5, 107, 168, 24, 143, 121, 49, 125, 64, 191, 96, 93, 220, 245, 100, 91, 130, 211, 72, 136, 212, 213, 40, 97, 131, 12, 43, 244, 175, 62, 89, 254, 196, 3, 158, 80, 204, 154, 186, 16, 215, 161, 245, 218, 198, 218, 191, 70, 223, 59, 177, 52, 65, 111, 88, 103, 105, 11, 129, 196, 214, 36, 0, 193, 189, 24, 72, 162, 218, 232, 131, 208, 22, 140, 211, 170, 91, 186, 209, 14, 36, 208, 196, 24, 34, 20, 109, 44, 71, 200, 179, 165, 18, 210, 160]
distanceApproximate: 1183.9391876274726
distanceTrue: 1149.7717164724484

R-near neighbors:
[166, 25, 18, 125, 239, 169, 113, 227, 45, 142, 231, 13, 30, 47, 187, 197, 33, 58, 28, 77, 200, 105, 179, 8, 68, 78, 147, 99, 134, 45, 145, 239, 121, 104, 126, 184, 93, 223, 6, 175, 28, 243, 168, 81, 81, 176, 81, 203, 160, 210, 55, 57, 86, 129, 253, 43, 228, 227, 3, 78, 127, 181, 7, 157, 191, 34, 106, 98, 14, 170, 95, 30, 139, 109, 148, 205, 157, 171, 4, 88, 232, 84, 68, 169, 127, 103, 94, 130, 64, 184, 233, 3, 80, 231, 81, 28, 70, 94, 120, 70, 42, 135, 158, 240, 220, 79, 231, 170, 206, 45, 62, 164, 55, 77, 4, 114, 130, 224, 168, 99, 123, 32, 190, 28, 25, 244, 204, 253][177, 212, 10, 42, 6, 231, 33, 47, 35, 92, 72, 34, 111, 44, 82, 144, 62, 231, 68, 86, 28, 7, 29, 60, 191, 222, 155, 157, 167, 59, 46, 111, 101, 142, 148, 83, 60, 39, 139, 209, 1, 80, 244, 238, 229, 125, 7, 177, 91, 27, 192, 12, 90, 30, 1, 45, 79, 187, 199, 233, 123, 88, 69, 81, 215, 147, 104, 139, 67, 120, 118, 238, 249, 83, 194, 218, 166, 147, 56, 141, 128, 119, 37, 151, 92, 245, 5, 69, 91, 190, 9, 160, 220, 113, 219, 52, 214, 254, 70, 120, 54, 253, 198, 234, 171, 32, 230, 122, 218, 18, 102, 106, 34, 154, 146, 205, 202, 68, 107, 134, 151, 79, 109, 48, 37, 8, 231, 88][34, 87, 47, 243, 244, 114, 59, 27, 228, 106, 136, 65, 83, 222, 240, 86, 138, 208, 60, 58, 39, 1, 128, 7, 239, 52, 210, 89, 241, 99, 18, 165, 213, 138, 164, 221, 194, 44, 35, 244, 47, 2, 210, 68, 228, 198, 117, 208, 108, 146, 82, 4, 52, 49, 97, 241, 2, 59, 218, 38, 114, 228, 152, 108, 152, 55, 44, 46, 102, 243, 86, 48, 219, 176, 142, 48, 42, 115, 1, 228, 145, 53, 154, 190, 173, 35, 190, 233, 37, 218, 99, 177, 167, 236, 178, 87, 119, 116, 121, 75, 184, 108, 226, 250, 167, 90, 109, 174, 165, 4, 12, 151, 6, 52, 111, 100, 219, 201, 212, 197, 123, 134, 5, 165, 126, 21, 149, 100][235, 14, 140, 123, 244, 126, 103, 234, 14, 124, 103, 162, 29, 155, 154, 185, 206, 104, 204, 45, 89, 139, 83, 231, 199, 45, 69, 187, 78, 255, 253, 168, 189, 98, 114, 23, 76, 38, 221, 228, 95, 183, 167, 22, 83, 231, 231, 33, 35, 93, 179, 78, 194, 80, 182, 129, 14, 215, 77, 184, 184, 38, 253, 54, 13, 191, 231, 203, 209, 222, 126, 63, 170, 202, 102, 79, 121, 198, 196, 82, 0, 14, 154, 247, 114, 29, 62, 233, 80, 180, 133, 144, 197, 68, 112, 129, 63, 92, 232, 236, 60, 252, 180, 167, 160, 234, 227, 185, 78, 194, 196, 177, 33, 111, 186, 215, 154, 132, 5, 142, 48, 164, 14, 207, 121, 197, 213, 77][138, 237, 16, 221, 4, 51, 147, 40, 81, 109, 184, 75, 212, 92, 159, 63, 16, 13, 245, 144, 48, 197, 145, 237, 235, 58, 70, 34, 56, 15, 164, 240, 101, 5, 107, 168, 24, 143, 121, 49, 125, 64, 191, 96, 93, 220, 245, 100, 91, 130, 211, 72, 136, 212, 213, 40, 97, 131, 12, 43, 244, 175, 62, 89, 254, 196, 3, 158, 80, 204, 154, 186, 16, 215, 161, 245, 218, 198, 218, 191, 70, 223, 59, 177, 52, 65, 111, 88, 103, 105, 11, 129, 196, 214, 36, 0, 193, 189, 24, 72, 162, 218, 232, 131, 208, 22, 140, 211, 170, 91, 186, 209, 14, 36, 208, 196, 24, 34, 20, 109, 44, 71, 200, 179, 165, 18, 210, 160]Query: 7
Nearest neighbor-0: [148, 85, 228, 163, 137, 156, 50, 145, 214, 18, 13, 61, 155, 149, 136, 214, 83, 50, 175, 141, 164, 57, 63, 170, 134, 197, 216, 146, 187, 194, 123, 1, 134, 59, 140, 134, 132, 138, 215, 62, 253, 170, 245, 143, 234, 232, 182, 150, 58, 68, 153, 49, 137, 204, 200, 218, 12, 4, 94, 36, 34, 211, 151, 58, 216, 100, 4, 196, 123, 105, 224, 19, 246, 7, 192, 45, 143, 29, 220, 43, 227, 220, 50, 4, 116, 124, 64, 111, 78, 101, 166, 39, 37, 245, 73, 43, 160, 220, 252, 66, 48, 20, 192, 97, 48, 107, 160, 17, 12, 118, 217, 115, 154, 107, 162, 6, 115, 54, 127, 116, 11, 149, 116, 146, 115, 220, 219, 23]
distanceApproximate: 1077.086347513513
distanceTrue: 1042.543524271289

Nearest neighbor-1: [235, 14, 140, 123, 244, 126, 103, 234, 14, 124, 103, 162, 29, 155, 154, 185, 206, 104, 204, 45, 89, 139, 83, 231, 199, 45, 69, 187, 78, 255, 253, 168, 189, 98, 114, 23, 76, 38, 221, 228, 95, 183, 167, 22, 83, 231, 231, 33, 35, 93, 179, 78, 194, 80, 182, 129, 14, 215, 77, 184, 184, 38, 253, 54, 13, 191, 231, 203, 209, 222, 126, 63, 170, 202, 102, 79, 121, 198, 196, 82, 0, 14, 154, 247, 114, 29, 62, 233, 80, 180, 133, 144, 197, 68, 112, 129, 63, 92, 232, 236, 60, 252, 180, 167, 160, 234, 227, 185, 78, 194, 196, 177, 33, 111, 186, 215, 154, 132, 5, 142, 48, 164, 14, 207, 121, 197, 213, 77]
distanceApproximate: 1195.4204281339682
distanceTrue: 1077.086347513513

Nearest neighbor-2: [83, 0, 216, 44, 3, 195, 132, 82, 196, 161, 34, 203, 45, 23, 215, 129, 109, 29, 31, 112, 2, 229, 185, 37, 43, 4, 74, 182, 190, 123, 70, 135, 133, 255, 149, 216, 255, 196, 111, 138, 2, 11, 71, 193, 212, 143, 176, 78, 24, 18, 14, 160, 37, 216, 249, 198, 14, 211, 60, 230, 7, 30, 38, 126, 2, 252, 133, 229, 37, 216, 160, 37, 175, 91, 10, 238, 78, 142, 21, 127, 30, 142, 145, 77, 26, 167, 143, 192, 176, 203, 123, 111, 196, 150, 181, 199, 140, 250, 188, 156, 82, 48, 87, 66, 15, 146, 74, 51, 78, 66, 17, 151, 90, 70, 27, 119, 77, 19, 194, 217, 67, 81, 97, 177, 206, 243, 225, 71]
distanceApproximate: 1208.6091179533605
distanceTrue: 1089.877516053983

Nearest neighbor-3: [31, 174, 106, 209, 58, 153, 158, 68, 8, 10, 170, 154, 72, 124, 34, 116, 45, 202, 144, 21, 34, 58, 178, 113, 5, 211, 92, 81, 247, 24, 49, 165, 169, 96, 77, 101, 145, 3, 29, 198, 253, 237, 230, 110, 156, 197, 110, 193, 239, 116, 148, 123, 144, 4, 117, 184, 53, 54, 225, 136, 72, 222, 217, 240, 187, 1, 162, 139, 193, 78, 40, 144, 173, 111, 204, 202, 15, 236, 217, 64, 170, 120, 117, 243, 45, 238, 104, 68, 46, 135, 166, 178, 4, 117, 168, 87, 15, 38, 144, 30, 156, 108, 134, 180, 209, 215, 155, 96, 246, 188, 229, 181, 137, 92, 82, 103, 185, 223, 122, 174, 212, 32, 117, 17, 182, 74, 20, 21]
distanceApproximate: 1223.52686934125
distanceTrue: 1114.7802474030475

Nearest neighbor-4: [38, 43, 115, 148, 145, 40, 55, 61, 125, 101, 6, 37, 104, 196, 150, 241, 0, 161, 95, 127, 16, 98, 42, 238, 89, 72, 199, 90, 164, 183, 144, 96, 217, 43, 108, 64, 95, 153, 73, 46, 77, 18, 128, 112, 12, 23, 154, 185, 94, 136, 192, 127, 166, 203, 111, 250, 108, 224, 246, 128, 222, 8, 130, 88, 91, 229, 14, 116, 185, 42, 162, 1, 36, 235, 33, 114, 54, 43, 93, 116, 107, 93, 237, 154, 161, 155, 37, 221, 28, 140, 173, 134, 130, 236, 186, 229, 167, 155, 255, 213, 187, 62, 193, 57, 96, 249, 164, 217, 69, 165, 227, 117, 98, 162, 120, 71, 5, 97, 93, 190, 136, 182, 4, 82, 234, 107, 47, 245]
distanceApproximate: 1228.6789653933204
distanceTrue: 1126.5793358658768

R-near neighbors:
[148, 85, 228, 163, 137, 156, 50, 145, 214, 18, 13, 61, 155, 149, 136, 214, 83, 50, 175, 141, 164, 57, 63, 170, 134, 197, 216, 146, 187, 194, 123, 1, 134, 59, 140, 134, 132, 138, 215, 62, 253, 170, 245, 143, 234, 232, 182, 150, 58, 68, 153, 49, 137, 204, 200, 218, 12, 4, 94, 36, 34, 211, 151, 58, 216, 100, 4, 196, 123, 105, 224, 19, 246, 7, 192, 45, 143, 29, 220, 43, 227, 220, 50, 4, 116, 124, 64, 111, 78, 101, 166, 39, 37, 245, 73, 43, 160, 220, 252, 66, 48, 20, 192, 97, 48, 107, 160, 17, 12, 118, 217, 115, 154, 107, 162, 6, 115, 54, 127, 116, 11, 149, 116, 146, 115, 220, 219, 23][235, 14, 140, 123, 244, 126, 103, 234, 14, 124, 103, 162, 29, 155, 154, 185, 206, 104, 204, 45, 89, 139, 83, 231, 199, 45, 69, 187, 78, 255, 253, 168, 189, 98, 114, 23, 76, 38, 221, 228, 95, 183, 167, 22, 83, 231, 231, 33, 35, 93, 179, 78, 194, 80, 182, 129, 14, 215, 77, 184, 184, 38, 253, 54, 13, 191, 231, 203, 209, 222, 126, 63, 170, 202, 102, 79, 121, 198, 196, 82, 0, 14, 154, 247, 114, 29, 62, 233, 80, 180, 133, 144, 197, 68, 112, 129, 63, 92, 232, 236, 60, 252, 180, 167, 160, 234, 227, 185, 78, 194, 196, 177, 33, 111, 186, 215, 154, 132, 5, 142, 48, 164, 14, 207, 121, 197, 213, 77][83, 0, 216, 44, 3, 195, 132, 82, 196, 161, 34, 203, 45, 23, 215, 129, 109, 29, 31, 112, 2, 229, 185, 37, 43, 4, 74, 182, 190, 123, 70, 135, 133, 255, 149, 216, 255, 196, 111, 138, 2, 11, 71, 193, 212, 143, 176, 78, 24, 18, 14, 160, 37, 216, 249, 198, 14, 211, 60, 230, 7, 30, 38, 126, 2, 252, 133, 229, 37, 216, 160, 37, 175, 91, 10, 238, 78, 142, 21, 127, 30, 142, 145, 77, 26, 167, 143, 192, 176, 203, 123, 111, 196, 150, 181, 199, 140, 250, 188, 156, 82, 48, 87, 66, 15, 146, 74, 51, 78, 66, 17, 151, 90, 70, 27, 119, 77, 19, 194, 217, 67, 81, 97, 177, 206, 243, 225, 71][31, 174, 106, 209, 58, 153, 158, 68, 8, 10, 170, 154, 72, 124, 34, 116, 45, 202, 144, 21, 34, 58, 178, 113, 5, 211, 92, 81, 247, 24, 49, 165, 169, 96, 77, 101, 145, 3, 29, 198, 253, 237, 230, 110, 156, 197, 110, 193, 239, 116, 148, 123, 144, 4, 117, 184, 53, 54, 225, 136, 72, 222, 217, 240, 187, 1, 162, 139, 193, 78, 40, 144, 173, 111, 204, 202, 15, 236, 217, 64, 170, 120, 117, 243, 45, 238, 104, 68, 46, 135, 166, 178, 4, 117, 168, 87, 15, 38, 144, 30, 156, 108, 134, 180, 209, 215, 155, 96, 246, 188, 229, 181, 137, 92, 82, 103, 185, 223, 122, 174, 212, 32, 117, 17, 182, 74, 20, 21][38, 43, 115, 148, 145, 40, 55, 61, 125, 101, 6, 37, 104, 196, 150, 241, 0, 161, 95, 127, 16, 98, 42, 238, 89, 72, 199, 90, 164, 183, 144, 96, 217, 43, 108, 64, 95, 153, 73, 46, 77, 18, 128, 112, 12, 23, 154, 185, 94, 136, 192, 127, 166, 203, 111, 250, 108, 224, 246, 128, 222, 8, 130, 88, 91, 229, 14, 116, 185, 42, 162, 1, 36, 235, 33, 114, 54, 43, 93, 116, 107, 93, 237, 154, 161, 155, 37, 221, 28, 140, 173, 134, 130, 236, 186, 229, 167, 155, 255, 213, 187, 62, 193, 57, 96, 249, 164, 217, 69, 165, 227, 117, 98, 162, 120, 71, 5, 97, 93, 190, 136, 182, 4, 82, 234, 107, 47, 245]Query: 8
Nearest neighbor-0: [135, 65, 168, 207, 173, 230, 200, 87, 32, 82, 137, 107, 25, 170, 16, 37, 100, 83, 139, 12, 8, 242, 102, 120, 77, 12, 26, 173, 152, 204, 116, 31, 208, 21, 237, 129, 78, 58, 15, 199, 2, 85, 135, 233, 112, 69, 21, 251, 63, 139, 249, 172, 229, 155, 37, 87, 176, 6, 141, 52, 231, 128, 199, 192, 131, 158, 193, 135, 186, 54, 8, 166, 196, 12, 71, 192, 196, 175, 51, 172, 241, 27, 140, 51, 196, 200, 160, 13, 240, 165, 246, 171, 86, 10, 11, 252, 201, 247, 3, 46, 248, 162, 22, 181, 133, 22, 192, 205, 169, 133, 66, 214, 104, 97, 191, 241, 22, 232, 90, 66, 228, 93, 13, 196, 183, 39, 197, 145]
distanceApproximate: 1085.7909559394939
distanceTrue: 1061.5724186319085

Nearest neighbor-1: [39, 172, 111, 159, 20, 240, 226, 173, 180, 86, 198, 133, 60, 24, 228, 157, 143, 17, 163, 46, 6, 58, 173, 109, 117, 121, 59, 162, 70, 121, 125, 76, 102, 253, 159, 74, 134, 255, 51, 234, 134, 31, 69, 40, 72, 101, 119, 72, 210, 45, 149, 177, 85, 20, 16, 155, 96, 127, 53, 195, 65, 213, 61, 155, 228, 129, 211, 87, 154, 77, 67, 143, 100, 161, 233, 209, 143, 43, 210, 192, 245, 241, 240, 189, 69, 4, 24, 72, 89, 16, 99, 47, 87, 175, 225, 141, 3, 21, 0, 94, 131, 132, 43, 77, 133, 97, 233, 231, 108, 109, 228, 48, 125, 238, 91, 114, 121, 20, 146, 172, 42, 118, 248, 91, 72, 153, 114, 203]
distanceApproximate: 1110.4373012466756
distanceTrue: 1085.7909559394939

Nearest neighbor-2: [14, 89, 253, 31, 63, 238, 70, 91, 82, 158, 155, 8, 248, 114, 195, 244, 122, 234, 21, 93, 24, 98, 170, 76, 231, 28, 149, 42, 212, 16, 24, 7, 12, 200, 18, 126, 90, 166, 235, 41, 199, 65, 122, 96, 212, 134, 174, 68, 88, 105, 69, 166, 112, 0, 111, 115, 188, 204, 91, 22, 117, 233, 152, 0, 218, 49, 230, 238, 143, 19, 56, 151, 218, 5, 102, 154, 78, 150, 238, 90, 158, 106, 149, 95, 80, 198, 6, 41, 54, 234, 176, 146, 188, 111, 163, 81, 60, 139, 88, 189, 132, 98, 67, 252, 107, 164, 147, 64, 127, 195, 219, 109, 120, 52, 195, 154, 93, 14, 44, 84, 13, 214, 142, 59, 226, 92, 22, 115]
distanceApproximate: 1112.9424962683381
distanceTrue: 1091.2648624417448

Nearest neighbor-3: [177, 67, 16, 113, 18, 238, 164, 142, 74, 129, 56, 97, 174, 129, 167, 243, 189, 68, 52, 113, 227, 79, 39, 200, 49, 219, 181, 30, 236, 234, 108, 10, 79, 117, 224, 162, 175, 151, 193, 111, 248, 79, 100, 108, 194, 173, 41, 117, 125, 27, 236, 190, 170, 95, 199, 192, 84, 192, 38, 199, 9, 195, 107, 196, 182, 24, 46, 71, 251, 206, 54, 147, 225, 5, 100, 215, 248, 229, 123, 50, 133, 11, 226, 226, 251, 247, 99, 202, 142, 255, 105, 80, 255, 134, 194, 168, 135, 242, 97, 90, 14, 197, 106, 95, 34, 247, 111, 252, 104, 138, 242, 173, 8, 214, 190, 185, 49, 250, 140, 155, 78, 13, 203, 159, 218, 111, 228, 101]
distanceApproximate: 1165.4835906180747
distanceTrue: 1095.497147417555

Nearest neighbor-4: [107, 19, 162, 79, 209, 230, 80, 30, 202, 206, 71, 80, 26, 140, 97, 70, 23, 130, 252, 32, 16, 151, 0, 244, 134, 199, 61, 215, 135, 175, 4, 228, 88, 208, 85, 57, 197, 138, 34, 39, 106, 122, 72, 139, 190, 42, 126, 216, 153, 73, 238, 126, 231, 42, 22, 136, 193, 150, 178, 214, 121, 231, 175, 162, 187, 232, 123, 56, 30, 83, 130, 81, 213, 5, 178, 28, 237, 166, 126, 6, 156, 174, 14, 39, 176, 189, 215, 175, 233, 5, 146, 137, 255, 2, 144, 146, 15, 148, 209, 188, 78, 243, 72, 173, 42, 43, 6, 171, 91, 78, 90, 71, 79, 244, 135, 148, 178, 231, 161, 220, 84, 49, 145, 252, 226, 202, 88, 76]
distanceApproximate: 1180.4605033629884
distanceTrue: 1104.727115626298

R-near neighbors:
[135, 65, 168, 207, 173, 230, 200, 87, 32, 82, 137, 107, 25, 170, 16, 37, 100, 83, 139, 12, 8, 242, 102, 120, 77, 12, 26, 173, 152, 204, 116, 31, 208, 21, 237, 129, 78, 58, 15, 199, 2, 85, 135, 233, 112, 69, 21, 251, 63, 139, 249, 172, 229, 155, 37, 87, 176, 6, 141, 52, 231, 128, 199, 192, 131, 158, 193, 135, 186, 54, 8, 166, 196, 12, 71, 192, 196, 175, 51, 172, 241, 27, 140, 51, 196, 200, 160, 13, 240, 165, 246, 171, 86, 10, 11, 252, 201, 247, 3, 46, 248, 162, 22, 181, 133, 22, 192, 205, 169, 133, 66, 214, 104, 97, 191, 241, 22, 232, 90, 66, 228, 93, 13, 196, 183, 39, 197, 145][39, 172, 111, 159, 20, 240, 226, 173, 180, 86, 198, 133, 60, 24, 228, 157, 143, 17, 163, 46, 6, 58, 173, 109, 117, 121, 59, 162, 70, 121, 125, 76, 102, 253, 159, 74, 134, 255, 51, 234, 134, 31, 69, 40, 72, 101, 119, 72, 210, 45, 149, 177, 85, 20, 16, 155, 96, 127, 53, 195, 65, 213, 61, 155, 228, 129, 211, 87, 154, 77, 67, 143, 100, 161, 233, 209, 143, 43, 210, 192, 245, 241, 240, 189, 69, 4, 24, 72, 89, 16, 99, 47, 87, 175, 225, 141, 3, 21, 0, 94, 131, 132, 43, 77, 133, 97, 233, 231, 108, 109, 228, 48, 125, 238, 91, 114, 121, 20, 146, 172, 42, 118, 248, 91, 72, 153, 114, 203][14, 89, 253, 31, 63, 238, 70, 91, 82, 158, 155, 8, 248, 114, 195, 244, 122, 234, 21, 93, 24, 98, 170, 76, 231, 28, 149, 42, 212, 16, 24, 7, 12, 200, 18, 126, 90, 166, 235, 41, 199, 65, 122, 96, 212, 134, 174, 68, 88, 105, 69, 166, 112, 0, 111, 115, 188, 204, 91, 22, 117, 233, 152, 0, 218, 49, 230, 238, 143, 19, 56, 151, 218, 5, 102, 154, 78, 150, 238, 90, 158, 106, 149, 95, 80, 198, 6, 41, 54, 234, 176, 146, 188, 111, 163, 81, 60, 139, 88, 189, 132, 98, 67, 252, 107, 164, 147, 64, 127, 195, 219, 109, 120, 52, 195, 154, 93, 14, 44, 84, 13, 214, 142, 59, 226, 92, 22, 115][177, 67, 16, 113, 18, 238, 164, 142, 74, 129, 56, 97, 174, 129, 167, 243, 189, 68, 52, 113, 227, 79, 39, 200, 49, 219, 181, 30, 236, 234, 108, 10, 79, 117, 224, 162, 175, 151, 193, 111, 248, 79, 100, 108, 194, 173, 41, 117, 125, 27, 236, 190, 170, 95, 199, 192, 84, 192, 38, 199, 9, 195, 107, 196, 182, 24, 46, 71, 251, 206, 54, 147, 225, 5, 100, 215, 248, 229, 123, 50, 133, 11, 226, 226, 251, 247, 99, 202, 142, 255, 105, 80, 255, 134, 194, 168, 135, 242, 97, 90, 14, 197, 106, 95, 34, 247, 111, 252, 104, 138, 242, 173, 8, 214, 190, 185, 49, 250, 140, 155, 78, 13, 203, 159, 218, 111, 228, 101][107, 19, 162, 79, 209, 230, 80, 30, 202, 206, 71, 80, 26, 140, 97, 70, 23, 130, 252, 32, 16, 151, 0, 244, 134, 199, 61, 215, 135, 175, 4, 228, 88, 208, 85, 57, 197, 138, 34, 39, 106, 122, 72, 139, 190, 42, 126, 216, 153, 73, 238, 126, 231, 42, 22, 136, 193, 150, 178, 214, 121, 231, 175, 162, 187, 232, 123, 56, 30, 83, 130, 81, 213, 5, 178, 28, 237, 166, 126, 6, 156, 174, 14, 39, 176, 189, 215, 175, 233, 5, 146, 137, 255, 2, 144, 146, 15, 148, 209, 188, 78, 243, 72, 173, 42, 43, 6, 171, 91, 78, 90, 71, 79, 244, 135, 148, 178, 231, 161, 220, 84, 49, 145, 252, 226, 202, 88, 76]Query: 9
Nearest neighbor-0: [226, 118, 149, 56, 196, 27, 133, 55, 250, 4, 70, 152, 104, 167, 29, 112, 173, 150, 3, 137, 138, 201, 55, 140, 55, 174, 4, 37, 45, 99, 236, 165, 207, 198, 189, 102, 150, 86, 84, 179, 227, 248, 226, 12, 106, 206, 231, 177, 182, 110, 27, 13, 172, 25, 27, 255, 155, 27, 139, 48, 96, 125, 56, 116, 7, 218, 76, 131, 190, 116, 138, 68, 215, 120, 157, 85, 84, 24, 217, 147, 156, 240, 170, 72, 70, 27, 232, 165, 145, 215, 91, 245, 180, 149, 127, 144, 94, 34, 51, 15, 178, 221, 218, 236, 21, 199, 76, 71, 7, 132, 144, 83, 173, 64, 3, 72, 231, 150, 200, 180, 31, 140, 34, 160, 249, 108, 56, 39]
distanceApproximate: 1068.3421736503713
distanceTrue: 1011.1231379016109

Nearest neighbor-1: [166, 25, 18, 125, 239, 169, 113, 227, 45, 142, 231, 13, 30, 47, 187, 197, 33, 58, 28, 77, 200, 105, 179, 8, 68, 78, 147, 99, 134, 45, 145, 239, 121, 104, 126, 184, 93, 223, 6, 175, 28, 243, 168, 81, 81, 176, 81, 203, 160, 210, 55, 57, 86, 129, 253, 43, 228, 227, 3, 78, 127, 181, 7, 157, 191, 34, 106, 98, 14, 170, 95, 30, 139, 109, 148, 205, 157, 171, 4, 88, 232, 84, 68, 169, 127, 103, 94, 130, 64, 184, 233, 3, 80, 231, 81, 28, 70, 94, 120, 70, 42, 135, 158, 240, 220, 79, 231, 170, 206, 45, 62, 164, 55, 77, 4, 114, 130, 224, 168, 99, 123, 32, 190, 28, 25, 244, 204, 253]
distanceApproximate: 1087.7545679058305
distanceTrue: 1049.080549814932

Nearest neighbor-2: [34, 87, 47, 243, 244, 114, 59, 27, 228, 106, 136, 65, 83, 222, 240, 86, 138, 208, 60, 58, 39, 1, 128, 7, 239, 52, 210, 89, 241, 99, 18, 165, 213, 138, 164, 221, 194, 44, 35, 244, 47, 2, 210, 68, 228, 198, 117, 208, 108, 146, 82, 4, 52, 49, 97, 241, 2, 59, 218, 38, 114, 228, 152, 108, 152, 55, 44, 46, 102, 243, 86, 48, 219, 176, 142, 48, 42, 115, 1, 228, 145, 53, 154, 190, 173, 35, 190, 233, 37, 218, 99, 177, 167, 236, 178, 87, 119, 116, 121, 75, 184, 108, 226, 250, 167, 90, 109, 174, 165, 4, 12, 151, 6, 52, 111, 100, 219, 201, 212, 197, 123, 134, 5, 165, 126, 21, 149, 100]
distanceApproximate: 1139.784190099161
distanceTrue: 1055.740024816716

Nearest neighbor-3: [107, 19, 162, 79, 209, 230, 80, 30, 202, 206, 71, 80, 26, 140, 97, 70, 23, 130, 252, 32, 16, 151, 0, 244, 134, 199, 61, 215, 135, 175, 4, 228, 88, 208, 85, 57, 197, 138, 34, 39, 106, 122, 72, 139, 190, 42, 126, 216, 153, 73, 238, 126, 231, 42, 22, 136, 193, 150, 178, 214, 121, 231, 175, 162, 187, 232, 123, 56, 30, 83, 130, 81, 213, 5, 178, 28, 237, 166, 126, 6, 156, 174, 14, 39, 176, 189, 215, 175, 233, 5, 146, 137, 255, 2, 144, 146, 15, 148, 209, 188, 78, 243, 72, 173, 42, 43, 6, 171, 91, 78, 90, 71, 79, 244, 135, 148, 178, 231, 161, 220, 84, 49, 145, 252, 226, 202, 88, 76]
distanceApproximate: 1142.0862489321898
distanceTrue: 1064.9647881502938

Nearest neighbor-4: [135, 65, 168, 207, 173, 230, 200, 87, 32, 82, 137, 107, 25, 170, 16, 37, 100, 83, 139, 12, 8, 242, 102, 120, 77, 12, 26, 173, 152, 204, 116, 31, 208, 21, 237, 129, 78, 58, 15, 199, 2, 85, 135, 233, 112, 69, 21, 251, 63, 139, 249, 172, 229, 155, 37, 87, 176, 6, 141, 52, 231, 128, 199, 192, 131, 158, 193, 135, 186, 54, 8, 166, 196, 12, 71, 192, 196, 175, 51, 172, 241, 27, 140, 51, 196, 200, 160, 13, 240, 165, 246, 171, 86, 10, 11, 252, 201, 247, 3, 46, 248, 162, 22, 181, 133, 22, 192, 205, 169, 133, 66, 214, 104, 97, 191, 241, 22, 232, 90, 66, 228, 93, 13, 196, 183, 39, 197, 145]
distanceApproximate: 1157.9369585603527
distanceTrue: 1065.1478770574536

R-near neighbors:
[226, 118, 149, 56, 196, 27, 133, 55, 250, 4, 70, 152, 104, 167, 29, 112, 173, 150, 3, 137, 138, 201, 55, 140, 55, 174, 4, 37, 45, 99, 236, 165, 207, 198, 189, 102, 150, 86, 84, 179, 227, 248, 226, 12, 106, 206, 231, 177, 182, 110, 27, 13, 172, 25, 27, 255, 155, 27, 139, 48, 96, 125, 56, 116, 7, 218, 76, 131, 190, 116, 138, 68, 215, 120, 157, 85, 84, 24, 217, 147, 156, 240, 170, 72, 70, 27, 232, 165, 145, 215, 91, 245, 180, 149, 127, 144, 94, 34, 51, 15, 178, 221, 218, 236, 21, 199, 76, 71, 7, 132, 144, 83, 173, 64, 3, 72, 231, 150, 200, 180, 31, 140, 34, 160, 249, 108, 56, 39][166, 25, 18, 125, 239, 169, 113, 227, 45, 142, 231, 13, 30, 47, 187, 197, 33, 58, 28, 77, 200, 105, 179, 8, 68, 78, 147, 99, 134, 45, 145, 239, 121, 104, 126, 184, 93, 223, 6, 175, 28, 243, 168, 81, 81, 176, 81, 203, 160, 210, 55, 57, 86, 129, 253, 43, 228, 227, 3, 78, 127, 181, 7, 157, 191, 34, 106, 98, 14, 170, 95, 30, 139, 109, 148, 205, 157, 171, 4, 88, 232, 84, 68, 169, 127, 103, 94, 130, 64, 184, 233, 3, 80, 231, 81, 28, 70, 94, 120, 70, 42, 135, 158, 240, 220, 79, 231, 170, 206, 45, 62, 164, 55, 77, 4, 114, 130, 224, 168, 99, 123, 32, 190, 28, 25, 244, 204, 253][34, 87, 47, 243, 244, 114, 59, 27, 228, 106, 136, 65, 83, 222, 240, 86, 138, 208, 60, 58, 39, 1, 128, 7, 239, 52, 210, 89, 241, 99, 18, 165, 213, 138, 164, 221, 194, 44, 35, 244, 47, 2, 210, 68, 228, 198, 117, 208, 108, 146, 82, 4, 52, 49, 97, 241, 2, 59, 218, 38, 114, 228, 152, 108, 152, 55, 44, 46, 102, 243, 86, 48, 219, 176, 142, 48, 42, 115, 1, 228, 145, 53, 154, 190, 173, 35, 190, 233, 37, 218, 99, 177, 167, 236, 178, 87, 119, 116, 121, 75, 184, 108, 226, 250, 167, 90, 109, 174, 165, 4, 12, 151, 6, 52, 111, 100, 219, 201, 212, 197, 123, 134, 5, 165, 126, 21, 149, 100][107, 19, 162, 79, 209, 230, 80, 30, 202, 206, 71, 80, 26, 140, 97, 70, 23, 130, 252, 32, 16, 151, 0, 244, 134, 199, 61, 215, 135, 175, 4, 228, 88, 208, 85, 57, 197, 138, 34, 39, 106, 122, 72, 139, 190, 42, 126, 216, 153, 73, 238, 126, 231, 42, 22, 136, 193, 150, 178, 214, 121, 231, 175, 162, 187, 232, 123, 56, 30, 83, 130, 81, 213, 5, 178, 28, 237, 166, 126, 6, 156, 174, 14, 39, 176, 189, 215, 175, 233, 5, 146, 137, 255, 2, 144, 146, 15, 148, 209, 188, 78, 243, 72, 173, 42, 43, 6, 171, 91, 78, 90, 71, 79, 244, 135, 148, 178, 231, 161, 220, 84, 49, 145, 252, 226, 202, 88, 76][135, 65, 168, 207, 173, 230, 200, 87, 32, 82, 137, 107, 25, 170, 16, 37, 100, 83, 139, 12, 8, 242, 102, 120, 77, 12, 26, 173, 152, 204, 116, 31, 208, 21, 237, 129, 78, 58, 15, 199, 2, 85, 135, 233, 112, 69, 21, 251, 63, 139, 249, 172, 229, 155, 37, 87, 176, 6, 141, 52, 231, 128, 199, 192, 131, 158, 193, 135, 186, 54, 8, 166, 196, 12, 71, 192, 196, 175, 51, 172, 241, 27, 140, 51, 196, 200, 160, 13, 240, 165, 246, 171, 86, 10, 11, 252, 201, 247, 3, 46, 248, 162, 22, 181, 133, 22, 192, 205, 169, 133, 66, 214, 104, 97, 191, 241, 22, 232, 90, 66, 228, 93, 13, 196, 183, 39, 197, 145]
Average AF: 1.025254298667379
Recall@N: 0.74
QPS: 301.2456906458285
tApproximateAverage: 0.003319549560546875
tTrueAverage: 0.006295108795166015